0.30757287 -0.38878434 -0.20135586 -0.48482703 -0.45761186 -0.51887919 
0.32669661 -0.38672856 -0.26942649 -0.53540019 -0.50849029 -0.35482947 
0.45962451 -0.33441182 -0.34666013 -0.55497178 -0.41664857 -0.27413696 
0.30282032 -0.38996862 -0.27168377 -0.53988583 -0.51275048 -0.35780228 
0.27401547 -0.43288703 -0.10605673 -0.50387624 -0.49478905 -0.47704174 
0.49683043 -0.20415936 -0.33205446 -0.59065372 -0.4306113 -0.25868974 
0.26483807 -0.32851259 -0.32013375 -0.70496586 -0.40962117 -0.23385523 
0.3290972 -0.29045684 -0.17409611 -0.47937066 -0.47045879 -0.5708701 
0.08385615 -0.3578407 -0.25156847 -0.41928078 -0.67084925 -0.41928078 
0.33876407 -0.38923054 -0.18110278 -0.45451077 -0.45983902 -0.53189124 
0.27272727 -0.54545454 -0.27272727 -0.63636363 -0.27272727 -0.27272727 
0.34815021 -0.27567773 -0.33337901 -0.58189665 -0.55213327 -0.21953763 
0.52136153 -0.22694084 -0.30037678 -0.65504573 -0.15754208 -0.36407329 
0.33062898 -0.4003459 -0.33980998 -0.61720508 -0.44231686 -0.19583277 
0.30565339 -0.38035006 -0.1999201 -0.46553093 -0.4670092 -0.53584057 
0.31860543 -0.28972433 -0.16504515 -0.50690258 -0.47339901 -0.55340186 
0.45265556 -0.2963168 -0.16380909 -0.57055136 -0.30262601 -0.51318076 
0.19421775 -0.4273019 -0.24122931 -0.44868909 -0.58561294 -0.42099469 
0.24463031 -0.42447812 -0.22959457 -0.59557388 -0.44485668 -0.39326192 
0.3169823 -0.39325701 -0.22223513 -0.50669108 -0.47612624 -0.46048954 
0.37444498 -0.24770929 -0.21751258 -0.73736576 -0.37444498 -0.2592335 
0.32674765 -0.40476314 -0.33983024 -0.60393664 -0.4520514 -0.21172675 
0.32534332 -0.45321868 -0.26677129 -0.53853219 -0.50054759 -0.27751181 
0.20673355 -0.37877636 -0.20812384 -0.46931162 -0.48376779 -0.56230728 
0.34352479 -0.38430216 -0.31422454 -0.63094992 -0.44010052 -0.20923482 
0.32587526 -0.38018781 -0.16293763 -0.43450035 -0.4888129 -0.54312544 
0.33518301 -0.39574864 -0.27483953 -0.55481957 -0.51568617 -0.28590488 
0.32325072 -0.38725149 -0.17240224 -0.44465168 -0.48056533 -0.53587737 
0.2784829 -0.42774347 -0.10734475 -0.51382339 -0.49215027 -0.47088588 
0.43567167 -0.31657797 -0.13853254 -0.25581253 -0.65275698 -0.44636933 
0.24914426 -0.49449288 -0.25673557 -0.71192664 -0.25673557 -0.23396166 
0.47815501 -0.34153929 -0.34153929 -0.54646287 -0.44435825 -0.20492357 
0.49281874 -0.24049402 -0.29767262 -0.64186644 -0.18034959 -0.40763317 
0.45564973 -0.32551781 -0.32551781 -0.52072007 -0.52072881 -0.19532467 
0.47307733 -0.19043105 -0.33796815 -0.54063646 -0.54064554 -0.20279541 
0.32704506 -0.38857544 -0.17350239 -0.43901708 -0.48945872 -0.52881162 
0.45999928 -0.45999928 -0.06571418 -0.59142765 -0.31214827 -0.35392054 
0.45566118 -0.32547227 -0.32547227 -0.52075564 -0.52075564 -0.19528336 
0.33508265 -0.39100507 -0.32558609 -0.62912637 -0.43912924 -0.20048401 
0.44252996 -0.30932943 -0.09113076 -0.17306259 -0.73039521 -0.36979707 
0.34937968 -0.36465392 -0.26344093 -0.64325602 -0.43718973 -0.2657951 
0.2358238 -0.43930857 -0.17903537 -0.49215217 -0.56550034 -0.39665733 
0.1582353 -0.30430892 -0.09127933 -0.6269271 -0.400716 -0.56605197 
0.44474958 -0.29649972 -0.07412493 -0.14824986 -0.74124931 -0.37062465 
0.27501065 -0.39533224 -0.17651936 -0.44665099 -0.49796975 -0.53800695 
0.2090684 -0.36808991 -0.17526337 -0.71248707 -0.35926689 -0.39162792 
0.26515259 -0.47727466 -0.10606103 -0.47727466 -0.42619168 -0.53030518 
0.29975116 -0.52554945 -0.14987558 -0.39966821 -0.44962674 -0.49958526 
0.22121831 -0.38385778 -0.19449519 -0.73472101 -0.31582627 -0.35542379 
0.43028264 -0.45702511 -0.08248088 -0.60861565 -0.36117298 -0.31356475 
0.21057319 -0.20903407 -0.33432444 -0.64020898 -0.57558189 -0.24295843 
0.08192319 -0.40961596 -0.24576957 -0.40961596 -0.65538553 -0.40961596 
0.51897854 -0.22076699 -0.29676571 -0.66085515 -0.14982869 -0.3669811 
0.25286086 -0.45514956 -0.10114434 -0.45514956 -0.50572173 -0.50572173 
0.3235285 -0.38535976 -0.17255039 -0.44503379 -0.4809783 -0.53633787 
0.16116459 -0.40291148 -0.24174688 -0.32232918 -0.64465837 -0.48349377 
0.16184227 -0.27469107 -0.30049983 -0.76719582 -0.40223148 -0.24015021 
0.24420372 -0.48840745 -0.24420372 -0.72312953 -0.24420372 -0.24420372 
0.34427781 -0.3802615 -0.16144093 -0.45903709 -0.44153089 -0.55240041 
0.49091175 -0.35650311 -0.29149466 -0.58530925 -0.40826522 -0.19409952 
0.16924921 -0.32547458 -0.18227304 -0.7030142 -0.48169996 -0.32547458 
0.33604003 -0.38610069 -0.17964652 -0.45085599 -0.47337358 -0.52761424 
0.19983499 -0.20211496 -0.31565497 -0.64379246 -0.58246252 -0.25660499 
0.1449076 -0.27867787 -0.08359114 -0.70069752 -0.36696486 -0.51837507 
0.33678977 -0.33939397 -0.23087141 -0.52174989 -0.43231477 -0.50888481 
0.38556935 -0.33774163 -0.24820643 -0.44622194 -0.40704329 -0.55755014 
0.38915345 -0.3853468 -0.26209684 -0.47891087 -0.57306551 -0.27131707 
0.17346225 -0.40496521 -0.24061164 -0.38515227 -0.62573341 -0.45621868 
0.39421456 -0.27661832 -0.28267292 -0.58699733 -0.24619778 -0.53197177 
0.44720778 -0.44720778 -0.06388682 -0.57498143 -0.38332095 -0.34407884 
0.16592399 -0.41480999 -0.24888599 -0.33184799 -0.61689351 -0.49777199 
0.27196414 -0.43514263 -0.32635697 -0.43514263 -0.54392829 -0.3807498 
0.51604684 -0.22116293 -0.29488391 -0.6634888 -0.14744195 -0.36860489 
0.32161362 -0.3680222 -0.27540311 -0.56297986 -0.53567981 -0.28526875 
0.08716882 -0.53488106 -0.13372026 -0.53488106 -0.2005804 -0.6017412 
0.28281721 -0.50209611 -0.12805783 -0.43939321 -0.4385572 -0.51586459 
0.44536897 -0.44536897 -0.11070069 -0.57261725 -0.38174483 -0.34266407 
0.19691079 -0.21255079 -0.31964235 -0.64234163 -0.5743215 -0.26726223 
0.25838558 -0.49868901 -0.25013667 -0.67036026 -0.28758921 -0.2998122 
0.38893851 -0.31387733 -0.25037529 -0.4501211 -0.41060009 -0.56242209 
0.20221092 -0.39137876 -0.22829708 -0.64740396 -0.50228812 -0.28703412 
0.24326674 -0.27662542 -0.10327067 -0.66524401 -0.47802147 -0.42729464 
0.13187609 -0.26375218 -0.06593804 -0.59344242 -0.52750437 -0.52750437 
0.20515007 -0.35597618 -0.18036798 -0.68135437 -0.47515987 -0.3296075 
0.36421733 -0.28897981 -0.34677577 -0.55633029 -0.28897981 -0.52016366 
0.1587281 -0.30930768 -0.11603243 -0.59612279 -0.52898154 -0.48009036 
0.23118845 -0.16772826 -0.26744338 -0.59154563 -0.65500582 -0.26064206 
0.45514956 -0.45514956 -0.35400521 -0.50572173 -0.40457738 -0.20228869 
0.51450988 -0.44220935 -0.3439406 -0.4778079 -0.39307498 -0.19653749 
0.19276059 -0.37308768 -0.21762762 -0.68713675 -0.47881369 -0.27361958 
0.20031978 -0.20260528 -0.31642072 -0.64157959 -0.58387553 -0.2572275 
0.07541441 -0.54292777 -0.22624324 -0.37707207 -0.60331532 -0.37707207 
0.15657952 -0.48454095 -0.16862841 -0.65038784 -0.44564078 -0.30111015 
0.41204454 -0.27258279 -0.14580245 -0.69534393 -0.41204454 -0.2852642 
0.19795814 -0.38314753 -0.22349568 -0.6658137 -0.49172431 -0.28099739 
0.50037617 -0.2024092 -0.35540881 -0.55678203 -0.48615027 -0.18971145 
0.25475775 -0.50951551 -0.12737887 -0.50951551 -0.26664035 -0.57320495 
0.10555596 -0.52777981 -0.36944586 -0.47500183 -0.52777981 -0.2638899 
0.42748229 -0.35623524 -0.14249409 -0.56997639 -0.14249409 -0.56997639 
0.21884103 -0.20962867 -0.21002849 -0.45759643 -0.76230868 -0.2711889 
